1722
2440
2468
2571
2580
2634
3098
3992
4194
4431
4986
5254
5653
5686
7754
9553
10036
10283
10615
11750
13248
13601
13643
15341
15489
15693
15705
15734
15841
15889
15904
16038
16158
16180
16219
16247
16337
16366
16385
16412
16460
16646
16670
16701
16733
16749
16916
16961
17002
17087
17088
17102
17135
17188
17297
17334
17387
17389
17408
17476
17478
17517
17522
17608
17636
17761
17792
17810
17815
17855
17962
17984
18000
18035
18059
18085
18133
18154
18254
18274
18303
18310
18331
18379
18946
19168
19260
19569
19573
20060
20156
20706
20857
20858
20961
21037
21524
21575
21644
21656
21731
22063
22080
22160
22187
22195
22213
22221
22256
22260
22278
22297
22299
22301
22307
22315
22324
22327
22331
22332
22475
22478
22479
22480
22483
22484
22485
22487
22495
22506
22507
22527
22562
22563
22580
22617
22632
22645
22654
22661
22682
22693
22698
22702
22707
22712
22715
22718
22720
22723
22726
22727
22728
22729
22743
22750
22798
22888
22916
22925
22928
22950
22985
23003
23007
23044
23053
23066
23073
23075
23079
23086
23114
23115
23117
23132
23213
23217
23230
23232
23237
23238
23247
23252
23315
23367
23403
23424
23443
23447
23449
23450
23451
23480
23482
23509
23528
23557
23628
23634
23636
23639
23643
23665
23666
23677
23690
23697
23763
23765
23824
23847
23849
23855
23899
23906
23931
23943
23981
23990
24026
24027
24043
24059
24062
24121
24128
24129
24145
24163
24250
24268
24272
24278
24279
24302
24315
24337
24353
24360
24373
24385
24396
24397
24399
24400
24401
24402
24403
24405
24431
24433
24436
24469
24471
24472
24531
24532
24533
24586
24599
24613
24628
24631
24632
24646
24650
24651
24654
24662
24663
24669
24673
24675
24676
24689
24697
24698
24709
24727
24745
24751
24780
24782
24783
24789
24810
24828
24829
24833
24834
24835
24836
24839
24846
24860
24866
24867
24868
24870
24873
24897
24899
24913
24921
24922
24978
24983
24995
25000
25029
25036
25046
25051
25095
25105
25106
25108
25174
25186
25213
25216
25230
25235
25238
25240
25241
25248
25271
25340
25367
25370
25384
25389
25392
25401
25409
25413
25418
25430
25477
25481
25483
25508
25513
25529
25558
25562
25585
25608
25609
25627
25633
25676
25693
25696
25697
25698
25699
25701
25703
25704
25707
25710
25711
25713
25716
25741
25750
25754
25806
25807
25810
25830
25865
25872
25900
25901
25903
25940
25961
25962
25970
25985
25996
26004
26020
26057
26069
26079
26082
26124
26144
26151
26187
26188
26191
26195
26208
26214
26217
26218
26250
26255
26267
26273
26333
26347
26369
26373
26375
26377
26392
26394
26395
26397
26399
26400
26401
26407
26410
26416
26420
26421
26438
26440
26441
26455
26469
26513
26519
26537
26547
26558
26561
26562
26588
26605
26607
26628
26649
26658
26660
26666
26677
26706
26707
26712
26714
26739
26763
26764
26766
26776
26799
26816
26819
26820
26822
26834
26835
26848
26871
26872
26873
26875
26878
26893
26895
26912
26921
26932
26935
26959
26961
26979
27024
27081
27092
27093
27096
27115
27116
27136
27150
27162
27164
27171
27177
27207
27208
27267
27283
27300
27325
27369
27933
28034
28802
28863
28868
28874
28892
28963
28965
29067
29075
29089
29256
29347
29348
30879
31488
31998
32863
32876
32877
32878
32952
32955
32957
32988
33184
33238
33240
33241
33242
33245
33246
33247
33248
33249
33250
33256
33257
33259
33261
33273
33285
33296
33299
33302
33303
33304
33308
33318
33408
33424
33447
33456
33459
33482
33485
33497
33515
33521
33551
33552
33554
33555
33558
33560
33561
33563
33566
33570
33572
33573
33575
33576
33579
33581
33582
33595
33597
33598
33599
33608
33635
33636
33637
33639
33641
33642
33645
33653
33654
33655
33658
33659
33661
33663
33664
33666
33670
33671
33672
33673
33674
33675
33676
33677
33692
33694
33700
33702
33703
33704
33708
33709
33710
33719
33720
33721
33731
33741
33744
33745
33747
33767
33822
33823
33832
33833
33836
33838
33839
33847
33848
33853
33854
33855
33856
33859
33860
33861
33888
33890
33892
33909
33913
33916
33917
33958
33976
35131
35132
35175
35179
35186
35187
35189
35190
35192
35202
35213
35217
35218
35238
35241
35259
35262
35267
35273
35274
35275
35276
35281
35284
35286
35293
35294
35295
35300
35313
35314
35315
35317
35318
35338
35341
35342
35343
35344
35346
35348
35350
35352
35356
35358
35362
35363
35366
35371
35381
35406
35416
35428
35436
35446
35479
35484
35489
35496
35504
35505
35506
35507
35508
35552
35555
35568
35570
35571
35573
35580
35605
35618
35622
35624
35627
35676
35681
35683
35689
35692
35693
35695
35701
35714
35715
35716
35722
35724
35725
35727
35735
35740
35741
35746
35748
35753
35757
35759
35766
35774
35785
35786
35788
35789
35790
35800
35819
35850
35868
35871
35875
35881
35902
35903
35910
35915
35923
35924
35969
35972
35990
35992
36054
36055
36059
36078
36087
36094
36123
36130
36132
36141
36145
36164
36233
36244
36248
36249
36255
36278
36307
36309
36313
36314
36315
36326
36336
36357
36358
36359
36360
36364
36388
36389
36401
36403
36498
36500
36520
36526
36543
36562
36586
36587
36606
36615
36638
36640
36642
36683
36685
36686
36688
36699
36700
36702
36709
36711
36762
36785
36786
36807
36816
36820
36834
36835
36836
36838
36840
36841
36843
36844
36845
36846
36849
36853
36860
36863
36871
36872
36873
36875
36878
36885
36902
36914
36915
36916
36962
36963
36976
36982
37010
37015
37016
37021
37022
37096
37141
37142
37143
37149
37175
37332
37395
37407
37485
37511
37512
37531
37533
37554
37576
37577
37578
37581
37588
37613
37622
37667
37668
37734
37739
37826
37838
37841
37863
37909
37912
37919
37921
37929
37942
37947
37948
37960
37963
38032
38063
38077
38092
38093
38101
38102
38104
38106
38131
38163
38164
38166
38170
38179
38180
38183
38193
38207
38251
38260
38261
38275
38295
38298
38304
38305
38311
38313
38314
38329
38337
38338
38418
38443
38444
38445
38485
38522
38530
38532
38656
38669
38670
38672
38684
38686
38700
38702
38716
38717
38739
38741
38749
38755
38756
38757
38758
38761
38767
38768
38769
38771
38774
38777
38785
38830
38831
38834
38835
38836
38856
38920
38922
38932
38958
38976
39093
39173
39201
39203
39205
39206
39270
39417
39430
39432
39434
39447
46633
46640
46662
46668
46685
46700
46761
46767
46770
46774
46775
46786
46812
46845
46846
46848
46850
46867
46874
46895
46908
46920
46921
46926
46940
46942
46952
46955
46969
47003
47016
47017
47018
47019
47622
47704
47777
47778
47779
47784
47788
47790
47857
47878
47880
47882
47885
47891
47909
47916
47923
47985
48030
48120
48129
48130
48133
48343
48369
48377
48378
48435
48436
48470
48513
48544
48589
48591
48592
48847
48888
48901
48927
48953
48975
49172
49193
49302
50018
50047
50075
50126
50128
50160
50319
50345
50351
50401
50402
50403
50477
50492
50511
50523
50525
50563
50584
50699
50753
50858
50860
50887
50893
50918
50941
50994
50995
50996
51006
51026
51067
51069
51143
51149
51151
51245
51269
51270
51276
51277
51285
51307
51337
51447
51454
51518
51519
51569
51614
51681
51683
51688
51689
51702
51718
51721
51737
51750
51751
51867
51914
51915
51958
51959
51963
51978
52404
52557
52565
52575
52639
52640
52782
52898
53079
53156
53183
53339
53443
53666
53792
53802
55370
55373
55374
55380
55417
55517
57262
57319
57347
57560
57613
57643
57739
57880
58168
58342
58608
58856
58896
58941
58944
58945
58946
58950
58953
58955
58958
59108
59202
59238
59266
59268
59326
59389
59412
59549
59554
59558
59644
59696
59737
59768
59769
59770
59772
59777
59779
59780
59792
59793
59814
59835
59836
59845
59859
59869
59874
59999
60004
60038
60245
60251
60334
60466
60479
60783
60834
60924
60926
60971
60980
61051
61109
61120
61293
61296
61313
61355
61360
61379
61498
61655
61689
61697
61777
61778
61799
61855
61870
61902
61903
61907
61910
61912
62237
62499
62508
62618
62643
62732
62733
62761
62937
62941
62943
63161
63299
63338
63353
63367
63385
63394
63409
63423
63424
63425
63427
63436
63551
63563
63565
63566
63567
63568
63571
63944
64009
64012
64096
64365
64382
64419
64459
64482
64574
64583
64611
64612
64615
64674
64708
64709
64711
64766
64767
64768
64769
64775
64898
64916
64985
64986
65061
65102
65111
65212
65260
65296
65321
65322
65323
67265
68452
68472
68488
68489
68490
68510
68588
68817
68818
70775
70813
70815
70970
71037
71060
71061
71230
71238
71583
71939
71971
72010
72544
72572
72588
72600
72692
72695
72720
72823
73011
73155
73474
73477
73539
73754
74222
74223
74634
74716
74818
74927
75659
75769
75874
75885
75946
76107
76170
76176
76179
76224
76250
76301
76307
76424
76529
76530
76567
76575
76578
76579
76629
77166
77330
77331
77632
77636
78185
78186
78188
78189
78191
78196
78206
78225
78231
78608
78616
78776
78799
78802
78840
78954
79020
79084
79202
79204
79205
79323
79346
79389
82599
82680
82829
82830
82851
83139
83228
83264
83273
83347
83403
83411
83565
83575
83811
83812
83820
83821
83822
83824
83925
83943
83970
83982
84055
84135
84144
84403
84465
84729
84948
85348
86315
86478
87659
87691
88061
88361
90546
90726
90736
90799
91007
131565
131622
131860
131863
131864
131869
131871
131927
132124
132130
132142
132367
132502
132742
133131
134019
134043
134045
134179
134209
134251
134361
134362
134394
134396
136438
136440
136637
136716
136889
138366
138397
138675
139048
139051
139358
139575
139588
139590
139592
140324
140325
140326
140331
140345
140949
140997
142622
143004
143005
143017
143212
143813
146180
147334
156473
166828
166904
167095
167098
167497
167559
176910
177333
183224
183225
183508
183509
189832
189840
192499
194321
197504
229684
231540
231547
233500
